400
407
732
699
435
210
695
709
156
934
669
797
997
544
31
909
953
336
159
642
369
79
219
881
62
358
155
220
687
393
41
520
691
475
710
5
183
902
491
610
258
253
725
515
55
199
275
630
785
309
773
830
796
51
364
712
79
292
158
145
330
936
388
766
374
876
341
517
815
800
782
257
829
430
411
544
163
896
732
42
636
85
497
282
519
191
474
172
55
601
89
311
378
9
655
296
716
644
580
430
124
578
194
396
114
967
308
930
305
520
850
601
866
812
123
757
349
119
364
742
903
68
920
515
643
119
242
114
738
34
770
224
627
609
862
364
513
154
928
68
917
214
664
472
557
418
974
763
647
907
571
619
24
177
980
67
252
23
583
573
266
411
501
783
944
35
438
962
953
660
637
756
742
859
884
204
817
763
956
279
299
697
378
433
813
306
23
463
80
25
103
330
998
700
963
114
608
456
625
746
560
830
501
694
280
185
123
764
556
270
938
303
73
574
307
251
305
191
359
432
81
741
930
500
167
937
475
84
121
347
135
528
246
67
32
666
384
734
277
62
503
413
864
251
657
458
595
913
340
427
732
717
140
486
124
338
802
475
195
170
394
637
221
115
483
813
500
355
134
494
983
614
803
805
939
555
608
119
189
923
741
805
652
879
426
865
681
922
945
786
380
875
845
155
75
547
24
34
698
997
363
50
482
22
818
931
52
488
931
480
461
424
900
796
227
294
940
409
988
238
848
715
286
956
603
459
147
753
854
229
874
950
183
671
575
360
335
794
379
304
233
942
490
149
818
48
651
958
538
404
157
947
484
801
460
336
119
272
316
783
325
72
432
319
989
101
161
712
928
355
337
843
298
589
893
461
412
326
825
706
658
866
375
94
529
896
945
576
456
990
628
265
261
854
342
385
787
882
441
734
766
990
175
370
950
700
425
234
387
645
78
324
998
249
4
507
684
918
641
524
975
747
879
939
302
973
715
450
717
185
15
782
298
866
339
187
9
11
759
363
119
881
89
433
366
402
803
46
14
429
428
589
116
908
116
841
362
357
308
924
928
276
114
453
42
859
345
261
91
568
751
550
62
342
780
199
425
902
808
290
404
454
319
4
109
215
299
559
100
267
32
760
454
55
390
445
475
412
597
661
478
547
990
265
598
547
189
787
396
596
216
796
599
879
819
873
231
879
423
871
339
145
467
670
554
836
432
288
822
340
284
564
111
300
288
365
514
791
634
365
352
295
419
405
941
907
472
999
768
301
495
932
780
641
878
9
674
450
696
460
789
798
317
108
611
852
752
543
583
157
688
846
178
803
917
105
24
324
676
103
829
772
323
327
222
705
823
757
769
801
467
641
690
879
797
170
118
366
517
861
867
77
795
566
490
735
309
590
444
549
760
140
429
602
716
238
882
725
452
169
342
613
43
433
473
861
695
502
390
473
933
899
791
201
636
160
876
121
964
73
578
869
426
411
234
110
87
805
843
160
967
111
551
964
10
686
593
589
436
893
649
519
974
21
440
307
459
509
318
648
410
545
785
476
594
753
955
171
571
112
407
33
707
929
242
851
675
223
268
305
259
403
502
401
906
234
237
220
693
703
624
65
356
811
42
30
614
372
637
615
55
181
354
75
675
648
81
608
604
773
604
560
402
600
415
88
432
960
207
431
300
995
731
554
196
391
741
777
193
95
945
849
863
37
895
865
382
586
763
947
304
409
545
203
730
24
989
579
678
332
975
919
178
82
892
168
233
264
548
918
868
369
538
112
331
117
854
412
232
226
790
897
555
214
47
602
239
750
40
631
264
143
421
708
824
685
592
431
804
741
655
754
846
699
795
493
853
925
65
125
738
120
748
210
280
962
112
114
174
797
702
177
175
262
848
433
820
257
995
196
240
835
372
888
596
638
526
190
719
849
97
657
78
586
782
185
948
471
837
446
246
910
864
881
782
505
732
588
417
75
188
686
802
801
304
790
308
242
64
30
522
464
627
535
295
239
179
353
972
374
86
201
684
862
932
591
923
83
688
755
867
554
956
181
759
831
817
626
350
540
307
48
302
43
688
180
719
161
208
327
463
592
436
646
864
927
997
541
818
387
199
935
188
827
338
521
408
248
823
424
620
632
507
631
542
903
545
12
493
790
936
964
805
472
685
259
800
73
113
740
168
913
864
343
64
324
193
862
427
516
608
756
348
921
402
586
189
465
192
155
761
559
23
309
329
807
437
695
872
181
770
14
651
509
858
323
848
875
188
981
197
101
506
171
724
832
643
564
26
58
893
469
163
796
990
480
971
927
519
501
338
188
666
128
12
744
981
625
642
536
821
791
997
763
341
459
735
880
562
987
680
614
831
182
296
302
74
235
285
824
987
423
243
531
893
63
622
883
571
765
467
510
229
319
833
574
675
871
822
748
785
782
260
797
12
445
582
908
825
123
863
440
632
854
780
480
834
559
320
195
735
686
551
380
509
682
368
510
129
860
245
381
227
740
321
637
281
615
18
654
925
662
196
474
498
335
590
204
233
133
468
807
29
739
444
213
752
491
746
198
654
214
811
577
227
765
22
606
815
99
502
723
26
142
70
700
594
145
285
715
744
974
222
7
54
262
960
613
966
337
932
947
69
970
115
485
797
403
273
406
745
549
510
365
39
718
541
629
267
98
913
520
149
722
325
297
426
259
459
346
983
655
868
127
627
658
536
214
904
627
278
340
298
872
63
500
311
670
440
574
950
258
158
951
732
322
8
735
966
509
215
911
114
744
649
252
964
298
659
858
921
472
665
141
916
756
853
872
887
425
417
961
442
753
434
411
25
984
686
890
69
553
429
337
882
612
205
827
500
208
999
887
866
94
871
115
943
103
79
857
329
894
537
503
988
848
454
939
236
708
426
505
731
740
1
693
929
892
536
244
641
211
427
44
817
147
802
31
503
85
648
252
794
745
962
579
62
931
156
159
59
202
934
56
175
835
796
632
594
93
117
295
351
530
488
612
186
817
329
682
960
139
467
338
838
625
602
23
153
709
792
495
559
728
586
103
344
25
263
48
228
617
15
621
401
291
937
153
682
962
600
65
807
12
719
482
863
788
19
800
824
924
25
625
157
130
363
498
657
200
411
921
197
742
653
505
283
415
512
819
26
973
477
299
129
129
202
198
990
647
271
589
880
935
961
259
66
987
371
896
917
162
731
766
779
530
812
908
46
763
996
415
733
769
474
767
219
551
469
448
736
587
973
408
680
917
481
44
924
960
7
237
164
250
627
452
317
129
253
927
618
909
861
942
238
566
633
723
563
666
995
147
8
192
299
447
850
979
398
260
587
507
806
473
826
266
77
988
319
771
695
702
128
210
190
597
667
590
144
742
628
600
758
2
922
624
265
881
296
938
761
486
748
362
288
510
474
850
725
199
215
415
704
70
643
471
456
680
326
310
236
651
130
247
865
590
475
289
960
676
151
840
461
307
216
858
40
843
986
976
563
259
895
276
491
632
72
479
731
676
870
887
136
939
951
886
434
643
6
315
818
637
318
762
141
620
510
163
198
484
543
894
553
323
402
931
597
525
184
784
751
58
9
713
31
618
435
368
874
137
225
152
31
303
104
896
784
779
290
851
843
300
517
247
919
192
12
713
837
319
773
726
442
177
37
439
739
602
170
845
100
64
193
424
576
12
482
166
463
736
833
203
530
169
753
254
801
534
107
408
369
175
563
191
882
142
309
672
195
939
819
66
827
69
7
286
489
692
229
936
451
466
291
142
137
756
622
164
206
641
572
893
33
270
932
728
169
166
852
919
500
577
870
274
887
581
338
514
318
1000
199
400
764
652
483
231
491
241
728
652
653
772
643
584
458
292
524
88
525
900
499
736
279
995
331
45
103
28
771
878
898
477
492
598
566
634
17
480
194
250
506
284
825
497
155
275
526
412
574
708
487
31
14
749
674
108
965
764
768
905
522
924
541
417
384
844
27
991
371
160
583
481
111
680
41
730
119
565
101
412
618
496
384
328
392
82
785
212
943
987
663
34
947
177
84
712
105
193
729
106
123
683
199
72
219
937
880
229
689
895
270
345
175
728
449
524
301
332
765
167
389
367
107
704
170
111
159
156
36
851
288
310
283
407
937
157
815
70
507
375
47
76
94
189
167
789
701
297
95
711
214
814
292
136
208
957
77
845
206
390
418
19
849
915
180
558
357
956
539
169
491
243
376
567
842
67
683
854
994
733
203
737
313
155
817
763
289
772
306
938
561
771
781
816
807
729
766
444
579
368
665
272
257
111
49
199
465
926
36
544
120
533
4
72
6
136
335
134
940
386
773
680
595
323
280
192
803
174
189
164
923
995
449
101
263
687
104
267
318
934
464
127
231
8
581
592
762
537
368
743
368
598
654
749
851
673
182
234
173
237
912
666
987
516
254
126
975
364
81
669
422
756
461
852
309
24
368
74
839
697
652
593
145
660
915
625
514
146
772
483
89
352
374
294
915
444
405
9
119
934
638
927
665
43
14
712
93
348
162
948
208
512
622
655
451
519
664
621
519
362
111
133
372
109
921
466
661
713
923
749
875
826
180
216
879
213
36
200
1
771
516
715
660
496
824
113
752
456
503
116
513
112
910
14
741
87
188
283
818
352
913
462
853
326
932
95
751
433
962
687
305
994
990
638
176
485
360
734
352
785
711
39
602
121
884
482
288
638
810
302
881
875
610
680
971
840
500
286
188
31
99
944
312
210
475
952
627
508
402
578
472
577
122
479
98
167
678
43
492
773
408
182
322
211
503
201
892
255
341
667
779
451
907
650
550
377
211
329
949
31
610
893
298
37
492
569
937
442
572
800
193
330
621
887
402
839
656
18
214
342
263
162
450
558
58
323
481
983
355
576
390
953
526
405
867
465
338
888
265
219
54
508
351
713
441
379
523
734
581
759
248
291
714
167
553
61
710
728
298
738
288
469
473
868
435
44
770
291
415
119
910
353
58
241
364
355
3
598
578
634
470
244
108
818
968
981
27
774
728
504
687
811
942
630
8
181
141
214
102
247
391
345
501
187
62
345
48
69
715
745
950
548
926
214
544
959
255
464
384
857
851
567
349
578
185
524
785
308
786
441
563
90
904
218
615
398
410
699
561
529
321
335
977
935
490
50
577
642
855
551
926
610
458
986
729
139
302
948
622
670
108
204
531
410
950
925
708
638
583
862
845
173
208
547
804
251
573
955
987
584
154
623
803
43
799
694
824
512
6
263
833
638
559
972
329
712
847
505
894
922
920
831
61
42
696
440
519
210
16
702
410
59
827
884
654
678
123
598
987
325
53
865
574
619
945
408
235
492
700
306
461
770
639
208
546
128
804
84
919
53
562
155
221
640
239
22
742
278
744
75
27
720
163
800
127
792
972
81
667
984
239
435
592
531
378
481
319
415
708
976
359
959
989
548
866
747
713
332
48
359
434
779
974
131
935
632
902
84
787
131
671
395
596
607
999
369
493
634
586
132
670
39
1000
284
394
980
163
604
306
652
505
28
384
518
339
26
410
742
733
38
903
859
987
645
155
320
83
823
22
600
987
639
532
774
909
22
300
875
929
446
424
640
312
185
587
360
859
532
347
756
302
426
518
933
469
815
424
463
342
861
591
24
685
73
726
437
493
580
57
357
846
873
479
261
512
663
224
271
287
395
909
533
667
798
411
134
196
907
522
706
240
224
544
525
549
429
365
26
304
134
709
542
188
564
591
967
233
715
994
662
287
496
628
406
934
814
831
948
479
247
220
838
857
831
507
942
42
714
245
873
902
957
678
636
467
872
152
381
98
958
184
842
881
411
293
354
450
53
264
513
654
745
581
885
134
349
522
143
610
421
987
385
904
203
86
17
207
169
825
632
4
378
195
778
64
293
338
315
920
790
320
169
912
760
28
227
959
712
199
17
416
57
707
890
417
755
387
271
513
896
249
532
114
189
454
929
844
235
210
564
383
646
906
115
255
372
400
524
147
392
315
574
77
276
577
761
429
67
913
81
571
653
130
807
468
279
844
427
964
694
646
55
973
715
880
663
339
954
692
121
480
636
364
99
117
517
63
89
814
191
559
647
378
279
69
582
920
536
471
81
500
40
191
549
785
659
350
427
808
848
688
309
513
147
858
832
354
174
705
401
702
940
614
814
509
690
542
998
857
282
407
422
567
700
698
809
215
909
791
815
639
873
622
1
311
107
787
870
886
945
126
797
600
710
743
903
703
292
73
388
855
693
772
999
489
836
108
694
491
788
581
86
691
346
891
547
550
410
944
441
540
723
304
349
679
118
108
930
878
851
770
717
653
828
528
548
987
637
900
466
435
379
825
766
54
477
636
91
598
900
488
171
570
806
718
661
627
791
311
1
849
530
115
474
419
560
468
392
650
659
819
386
724
408
34
790
296
534
399
973
305
414
943
243
291
488
859
796
324
158
542
256
119
804
57
872
508
922
235
585
988
263
533
325
184
875
542
514
301
17
665
737
717
636
764
295
294
874
805
266
122
707
355
611
656
687
218
20
90
111
514
501
899
838
298
202
984
444
506
998
863
554
454
771
77
1000
670
785
388
863
210
695
952
390
330
144
703
850
242
603
383
227
854
936
142
36
152
277
695
211
950
583
192
895
5
477
207
441
817
953
966
934
843
200
735
996
752
644
705
202
618
500
975
508
418
546
745
99
793
647
22
230
463
460
146
453
62
150
623
681
896
204
986
265
261
411
212
665
312
561
461
412
169
493
593
372
995
967
624
1000
91
126
115
412
16
779
670
518
993
450
889
525
562
996
834
666
289
662
408
270
66
906
461
12
60
707
605
865
209
653
813
221
738
337
184
246
341
879
558
863
500
343
149
804
526
91
705
469
35
860
977
538
18
347
299
727
328
894
967
633
453
47
983
819
146
282
940
748
647
886
122
785
813
792
12
228
507
538
330
571
697
43
810
699
327
436
37
864
607
328
355
146
934
74
798
901
863
617
233
448
629
227
867
410
661
720
629
46
278
686
981
461
816
805
629
500
375
552
377
246
174
609
610
137
784
338
732
216
605
718
758
959
560
89
155
26
463
439
819
673
46
154
884
133
829
215
419
603
288
154
607
386
298
211
202
32
855
490
691
543
36
335
324
823
445
36
881
982
572
733
212
263
478
992
495
746
327
475
64
820
153
378
177
652
835
133
203
207
225
269
63
344
657
545
152
340
862
922
815
112
748
981
199
390
956
321
722
298
290
822
481
539
262
749
66
149
720
16
469
760
733
309
262
254
835
928
503
3
936
741
680
586
908
24
949
244
337
111
948
680
458
269
135
549
827
991
513
305
841
188
135
215
535
565
451
23
566
719
400
501
647
652
127
36
92
727
209
258
800
858
529
879
274
31
183
525
682
631
263
80
868
236
747
659
94
437
529
102
262
32
89
295
280
903
560
649
660
905
601
120
330
468
90
862
962
903
544
658
553
401
19
161
78
237
76
253
966
445
852
626
570
397
590
417
56
382
740
536
494
314
3
163
543
63
311
514
578
895
858
439
878
66
447
220
949
137
535
561
179
380
713
838
538
657
216
36
462
9
229
17
969
995
335
439
468
737
521
601
368
220
361
488
14
580
121
126
885
484
139
693
306
65
284
259
565
276
147
315
48
514
685
699
997
983
293
389
259
739
716
856
370
848
154
203
922
802
146
750
454
460
110
160
602
987
358
340
153
332
542
483
811
713
529
948
523
485
401
420
838
689
351
653
622
797
121
207
942
723
152
42
538
167
533
493
304
782
6
111
19
418
657
946
463
566
104
929
791
182
336
956
207
304
781
968
375
596
158
160
71
804
200
853
439
602
252
833
739
450
547
114
187
152
610
768
981
974
868
687
156
758
126
377
969
753
379
898
115
645
446
626
520
158
513
940
337
840
2
860
942
30
363
302
677
753
624
817
662
392
735
19
600
985
392
704
606
198
709
636
847
905
906
923
746
488
755
206
644
240
442
946
136
524
732
268
440
453
334
649
244
425
428
288
372
949
260
996
208
473
39
653
312
7
465
877
754
980
466
810
88
232
503
384
121
394
429
294
468
98
69
600
282
146
618
50
903
380
887
156
528
244
35
841
527
820
985
976
41
728
941
549
860
490
490
364
920
138
763
554
699
354
777
579
567
474
523
857
28
211
614
56
661
191
56
38
86
396
106
665
932
360
834
241
880
642
63
252
611
138
22
82
627
409
771
306
795
76
771
878
289
679
559
678
421
99
948
227
138
400
6
710
423
453
746
305
273
194
250
804
976
760
913
835
996
447
828
237
875
674
261
471
133
259
787
282
915
300
501
272
337
249
836
292
874
814
366
6
132
388
101
851
98
978
180
925
34
570
269
141
609
602
356
504
721
422
603
263
712
139
609
524
156
20
356
656
701
337
116
991
308
383
854
163
187
392
489
583
376
120
810
251
494
750
993
329
587
297
574
200
703
366
275
620
568
980
513
59
341
272
61
578
236
713
495
374
389
128
130
594
229
720
610
726
260
622
45
576
357
229
158
994
776
347
982
96
805
581
17
139
397
478
60
737
109
868
244
62
696
326
855
197
90
556
902
609
168
416
623
19
741
581
867
571
746
452
223
297
321
547
762
625
983
177
964
750
614
704
926
404
262
671
607
313
651
182
935
456
975
238
348
542
925
213
687
106
533
234
423
811
758
996
496
127
774
474
523
809
490
501
379
463
879
27
153
295
90
869
169
351
940
269
407
147
271
660
588
873
922
327
81
165
958
976
48
960
308
908
729
308
515
982
680
737
77
584
100
843
717
510
973
862
806
783
410
234
29
49
958
687
560
275
389
596
203
430
574
71
928
971
758
209
552
20
433
557
743
681
271
504
394
403
16
951
776
292
741
940
523
40
117
590
257
641
388
748
780
445
213
356
197
789
774
92
287
676
986
881
935
784
605
166
7
393
755
671
535
438
100
299
356
206
1000
269
952
997
721
365
511
46
319
36
807
417
492
491
85
626
369
765
670
511
288
312
524
29
21
310
406
170
491
125
642
355
635
727
289
578
862
125
474
99
612
993
698
848
187
843
888
288
873
701
997
696
780
521
475
363
347
43
272
963
470
654
497
962
134
336
36
534
491
494
948
295
578
395
906
763
348
865
929
630
383
545
349
619
439
452
331
938
263
299
366
442
786
433
324
774
819
916
20
134
649
700
493
259
702
155
89
610
760
334
854
441
93
14
633
493
74
858
290
768
692
438
182
9
824
52
317
503
592
308
80
289
520
312
695
311
996
420
466
131
974
9
513
740
120
423
244
260
672
473
60
838
408
779
661
43
913
187
408
775
949
192
257
955
547
922
795
436
688
319
575
693
582
565
978
384
501
140
949
727
797
548
166
471
782
608
81
367
278
504
843
298
342
845
888
364
658
893
718
870
562
728
712
201
330
369
390
263
279
552
609
458
606
675
820
304
321
817
972
766
867
495
419
703
625
865
139
736
295
377
867
424
336
654
46
268
129
506
1000
67
705
484
823
466
408
334
702
366
454
252
897
169
104
220
269
211
280
496
246
532
914
170
780
409
599
987
634
626
577
391
948
300
440
386
282
695
20
219
569
475
156
441
996
622
1
783
931
876
348
953
661
53
799
398
159
573
813
133
133
851
174
642
410
549
80
950
796
127
987
594
876
365
163
687
346
758
981
394
49
94
949
984
189
127
636
133
663
847
259
237
351
55
529
280
202
608
879
59
228
339
201
877
389
457
546
401
534
754
407
188
653
853
734
734
457
369
848
11
826
25
311
690
24
393
179
114
54
950
395
75
858
857
531
847
727
75
983
41
806
923
350
633
579
284
574
682
478
628
856
139
779
690
468
546
504
210
685
327
69
394
191
547
804
176
886
230
303
698
818
612
934
796
803
247
881
524
805
4
943
877
410
483
892
237
135
413
824
809
458
827
705
439
613
210
29
332
225
206
312
637
509
454
556
70
131
609
914
79
694
804
619
3
765
765
929
306
123
681
478
668
534
990
659
729
95
620
203
433
40
734
375
431
188
671
417
215
294
500
56
262
990
502
815
363
405
514
976
391
998
555
221
607
421
685
246
366
902
766
349
621
880
233
196
48
666
272
770
548
207
333
12
532
863
191
236
901
206
987
596
266
475
317
540
863
809
95
841
719
406
461
360
215
651
532
474
388
809
711
496
793
475
208
922
452
502
65
546
559
673
853
549
858
635
705
876
872
250
417
165
73
980
202
897
135
422
185
294
637
523
635
714
130
33
711
200
621
548
253
139
796
290
724
409
887
341
691
322
12
143
157
494
579
606
388
76
802
508
608
842
858
636
846
624
990
427
255
718
159
920
614
418
150
487
552
214
40
603
952
503
686
908
407
764
951
800
806
328
963
248
586
2
836
732
450
23
819
910
577
693
619
329
434
697
545
398
969
330
581
130
843
705
731
688
348
832
187
924
376
219
691
185
176
386
693
564
645
840
438
348
972
228
315
367
768
768
887
245
736
710
379
858
299
259
174
560
849
426
530
828
36
80
526
685
923
259
734
609
170
21
893
372
509
141
35
676
973
246
532
866
95
254
427
207
566
172
150
399
295
575
18
627
997
338
916
429
496
816
887
484
938
255
446
44
996
145
772
843
991
606
182
717
786
58
169
390
459
947
299
950
999
857
851
11
828
853
26
160
14
642
945
291
714
773
616
924
419
283
656
641
815
140
600
939
180
136
782
771
43
725
39
879
154
395
989
526
959
983
134
867
146
720
194
809
583
5
551
85
954
325
911
225
874
204
41
752
185
409
627
532
156
76
803
990
35
342
178
492
494
306
949
832
864
404
566
336
316
839
249
170
621
516
608
487
502
335
322
639
126
129
104
6
928
910
831
15
968
70
358
559
272
572
560
692
804
857
269
456
482
578
238
381
560
424
5
586
258
102
138
690
734
307
869
492
918
842
468
714
765
673
752
583
602
652
102
741
277
867
128
113
326
810
878
907
318
916
646
445
146
363
606
955
966
526
539
167
377
803
713
218
999
502
26
204
819
492
630
460
945
169
446
284
212
295
206
554
956
925
30
137
936
183
552
184
898
592
303
994
546
526
567
832
962
158
986
187
180
721
680
435
721
228
393
935
876
941
924
358
992
496
405
548
641
726
945
800
310
728
752
887
382
912
824
488
513
685
465
367
551
393
26
373
332
435
635
624
644
395
397
476
281
933
417
76
692
46
409
876
934
873
951
390
386
264
229
507
875
26
955
971
15
451
290
334
641
556
520
535
313
444
258
293
828
716
681
89
175
191
276
943
356
792
85
395
830
252
108
905
328
575
388
727
505
605
700
828
425
810
963
854
720
303
98
112
921
538
874
423
735
407
40
807
542
523
661
728
806
66
354
998
577
350
161
588
976
946
564
3
45
263
195
14
405
992
70
173
869
509
74
882
518
492
48
545
662
939
266
274
753
125
413
227
661
853
647
201
66
92
75
965
451
476
218
984
811
24
781
372
218
955
214
6
755
829
395
849
673
993
161
333
447
195
976
265
164
969
171
978
994
486
62
110
8
111
189
164
277
995
516
41
636
672
804
298
211
158
120
204
803
642
376
543
549
863
742
276
538
771
173
403
472
370
155
616
730
869
115
631
30
535
881
223
612
558
583
3
630
150
209
8
609
277
343
114
82
125
784
996
400
161
330
534
681
476
529
366
389
352
698
608
25
332
210
728
488
485
545
300
3
291
258
368
744
176
986
690
104
846
788
491
466
168
709
302
827
69
413
145
439
412
550
156
295
825
875
687
538
475
21
58
785
811
446
527
442
732
181
540
493
976
236
219
102
332
783
678
542
504
754
107
544
211
274
104
882
272
559
334
108
750
595
311
633
435
998
460
393
650
804
26
225
840
750
560
496
928
961
703
53
517
3
598
411
589
769
910
459
644
269
656
241
373
474
775
758
360
836
17
806
453
401
117
765
912
212
887
989
421
718
593
91
470
910
921
620
642
885
180
508
429
151
842
331
407
717
312
789
89
926
971
315
518
177
644
76
389
713
543
798
613
29
247
658
263
191
529
468
759
149
762
510
84
762
517
499
130
426
495
846
816
680
739
178
577
924
230
179
22
416
560
823
615
728
194
223
370
337
437
361
953
568
876
272
179
60
725
130
265
772
119
143
514
626
772
472
192
572
669
262
799
212
585
998
599
353
167
946
489
234
357
512
313
726
222
644
800
385
631
111
582
298
243
828
808
597
859
225
657
93
561
697
847
77
587
453
584
589
11
461
215
470
858
507
682
674
847
920
850
169
22
324
481
16
256
475
114
91
415
175
767
692
123
22
607
289
969
663
3
726
348
604
455
773
704
662
417
709
412
744
158
458
367
807
26
15
377
691
866
8
555
104
358
50
507
619
787
843
400
576
71
376
96
607
610
505
790
960
543
362
464
437
12
742
342
219
487
240
309
556
475
607
698
965
310
774
750
560
118
219
253
592
451
83
736
157
295
236
21
88
808
52
80
134
854
792
955
331
63
136
579
623
669
89
228
324
790
124
432
919
482
308
922
762
269
676
78
385
917
661
436
772
968
685
224
609
572
419
155
789
344
334
408
596
8
67
510
741
185
271
280
378
74
816
305
102
781
54
461
113
955
560
190
161
841
864
57
744
985
265
814
520
4
260
667
85
831
246
764
953
250
982
759
902
519
135
724
511
26
469
920
760
640
745
457
167
39
945
39
334
630
45
644
727
161
907
674
912
899
696
42
569
530
889
549
773
817
508
54
874
628
793
945
1000
288
787
153
545
387
926
421
895
716
533
468
518
953
209
809
675
539
3
272
6
599
149
67
668
442
583
38
55
746
722
637
684
457
13
553
668
515
469
761
55
385
42
300
234
16
76
909
151
532
736
463
616
499
27
93
357
339
913
861
319
879
85
364
826
692
44
248
731
105
745
428
802
758
801
391
818
691
339
835
743
879
423
439
653
423
278
754
688
36
6
790
729
791
954
740
102
842
633
696
686
683
941
912
144
925
666
70
48
820
923
279
642
244
31
646
224
160
923
656
335
618
310
566
56
242
738
40
991
957
927
356
862
483
25
550
282
51
368
991
909
624
849
122
229
582
265
397
36
286
667
478
679
915
581
653
674
129
554
720
121
251
730
276
892
97
898
112
144
866
749
73
277
388
241
102
973
700
71
739
949
129
775
136
920
670
806
369
16
288
996
128
821
372
251
666
880
241
508
724
458
320
382
693
573
555
185
155
940
280
678
188
502
643
748
525
975
656
5
835
818
56
803
322
232
769
605
581
740
165
507
851
634
212
151
479
888
490
195
301
655
319
24
455
804
228
637
255
392
224
85
575
157
817
572
29
421
595
514
437
669
231
287
483
54
146
80
143
773
397
405
410
76
784
808
992
751
777
975
151
521
593
352
627
670
83
780
65
759
330
570
16
209
209
548
568
183
622
35
18
642
610
381
918
902
345
340
837
861
778
288
586
913
434
884
967
107
682
218
182
672
131
689
803
135
124
582
248
808
643
138
770
96
577
662
295
698
177
765
5
644
949
22
238
341
372
244
768
793
849
370
578
26
324
337
129
643
543
332
800
161
861
631
44
289
4
249
331
265
46
86
80
75
411
276
293
504
677
596
842
636
296
647
488
560
32
298
390
519
276
567
303
176
423
159
306
107
553
308
126
934
483
812
957
711
856
676
106
595
710
247
258
951
688
474
318
642
345
197
351
53
990
205
826
554
189
757
135
708
369
87
109
491
87
176
110
530
562
365
978
438
770
880
759
110
983
413
363
43
200
542
46
475
757
163
664
246
322
728
23
940
655
955
956
5
289
385
632
447
663
37
877
391
760
251
403
274
57
61
263
299
960
342
146
544
892
755
487
280
427
762
934
931
745
161
995
957
127
38
784
801
528
534
390
11
529
103
370
562
426
39
935
795
12
993
609
744
901
605
599
866
832
84
245
442
672
839
870
813
539
8
41
867
680
823
929
967
19
351
575
372
769
960
30
933
217
538
236
90
888
935
355
633
751
802
695
94
463
885
573
446
117
133
978
92
382
290
942
996
149
834
577
541
488
233
772
76
792
391
679
861
292
239
741
202
349
400
201
398
389
553
683
263
517
700
731
22
137
378
420
615
347
686
811
193
754
901
19
540
417
924
372
969
388
336
466
419
558
603
742
271
106
867
871
316
266
496
478
49
790
200
14
906
28
626
535
979
400
594
7
519
77
43
616
337
32
291
514
80
443
434
862
349
717
686
115
601
146
166
851
808
337
237
302
403
166
414
551
396
42
873
976
70
216
156
280
884
584
134
715
925
286
663
894
975
780
602
392
96
247
430
593
752
346
94
369
668
480
912
182
25
310
520
182
24
948
847
382
475
945
592
78
454
425
280
99
156
718
846
396
877
938
738
413
168
332
3
185
228
361
194
197
460
528
253
863
479
865
641
838
959
36
246
102
410
814
669
132
374
223
740
957
133
396
755
962
387
590
992
146
414
68
165
782
662
34
633
704
40
883
731
358
693
508
65
84
281
678
654
1000
535
94
866
609
101
260
161
746
731
806
123
994
855
764
353
43
299
74
44
75
139
933
251
928
341
479
603
237
98
872
717
133
519
695
138
782
543
946
141
713
47
327
208
181
966
704
695
782
983
734
878
209
94
177
451
698
567
463
48
195
831
923
466
248
400
12
541
99
996
154
155
343
481
589
433
479
728
14
152
425
50
985
121
455
739
510
797
981
462
147
677
47
967
451
997
367
156
207
483
100
611
597
96
73
893
528
441
598
902
938
555
319
849
9
786
361
541
694
6
640
819
106
567
592
487
724
823
528
675
945
644
852
190
371
539
188
14
199
868
881
191
464
591
636
74
53
855
370
427
867
248
735
901
474
101
297
437
221
746
912
226
17
335
800
258
589
791
8
906
44
511
589
759
288
835
679
435
103
15
28
434
267
789
377
705
683
597
328
470
942
206
855
821
557
57
508
230
420
423
565
830
427
328
743
257
595
639
302
496
345
864
220
869
716
890
342
87
779
37
183
525
208
834
313
771
133
443
407
222
382
339
230
95
591
369
957
217
715
808
847
215
476
759
536
686
377
611
718
425
814
591
338
743
656
737
187
972
116
447
372
799
325
915
572
193
235
559
190
651
856
90
59
110
559
67
822
876
272
436
414
625
626
283
947
538
624
194
523
687
695
941
213
651
977
892
21
655
402
171
58
939
776
69
9
339
580
147
582
24
775
466
885
658
261
271
417
662
488
669
787
46
520
862
545
596
38
619
311
519
705
690
645
275
126
901
768
133
747
960
445
804
677
530
959
711
136
286
543
724
125
694
27
5
869
246
352
573
192
376
137
248
649
706
753
303
769
692
779
377
216
671
420
337
737
262
145
248
86
679
225
344
288
869
80
619
972
360
390
861
288
112
307
645
435
679
936
402
359
143
868
867
910
916
533
411
885
516
73
576
388
352
702
238
633
348
998
287
49
568
167
986
199
25
832
526
652
97
719
840
803
996
608
794
9
445
636
836
690
563
326
5
910
210
286
281
711
266
431
104
9
216
829
7
972
439
332
135
181
429
231
696
968
951
574
207
337
668
690
484
404
506
567
292
654
785
260
739
524
636
852
268
440
543
592
918
889
731
464
407
70
893
465
329
160
823
347
719
923
368
796
515
21
64
874
24
553
414
378
973
359
904
516
482
945
692
571
818
436
835
886
838
266
125
812
521
950
376
417
37
962
598
999
664
288
430
922
198
563
655
291
736
836
629
884
700
643
12
655
101
762
210
916
548
859
101
985
951
743
211
598
362
269
663
32
794
762
811
284
676
62
989
511
802
299
427
228
1000
11
60
965
660
549
36
226
474
96
82
804
392
956
688
609
413
96
198
337
175
686
560
11
683
159
813
88
331
557
413
523
367
559
520
558
434
1000
449
99
94
644
6
359
878
319
984
105
737
257
889
277
536
804
663
509
471
956
925
869
599
545
476
420
800
826
613
431
252
856
121
379
112
798
411
503
461
14
977
584
912
390
653
230
659
183
307
951
32
56
715
230
887
279
443
294
287
966
418
226
832
650
115
526
205
596
674
481
225
251
369
955
778
944
557
928
981
861
444
308
295
902
236
594
800
876
665
761
253
711
839
128
389
400
266
810
551
889
700
86
11
638
969
665
964
540
367
228
999
613
390
234
321
188
422
762
101
185
834
383
440
326
735
356
741
715
964
986
523
219
865
758
169
666
123
529
402
833
350
423
252
845
936
597
860
326
401
613
656
873
334
721
206
985
543
842
250
647
202
117
439
900
217
935
941
378
653
556
511
564
927
427
954
99
121
586
284
93
25
548
729
261
491
318
376
303
541
529
597
682
549
314
73
424
954
222
2
237
705
392
7
127
489
445
204
692
563
994
95
442
685
652
615
540
572
364
867
392
760
646
321
928
917
677
630
778
758
106
308
501
468
186
940
744
704
64
392
454
395
554
202
525
11
183
344
997
912
58
921
511
384
580
616
390
484
730
437
291
791
348
444
807
259
102
3
225
166
352
897
440
268
130
860
967
971
964
725
933
443
611
898
626
831
872
720
516
409
548
81
479
883
821
545
540
469
653
297
19
831
188
602
786
350
899
301
861
702
477
865
252
313
607
539
241
48
95
243
504
772
288
178
956
28
296
663
606
43
582
859
904
816
545
402
773
244
550
458
168
445
447
672
360
415
206
304
51
188
647
445
177
899
326
635
893
76
78
325
316
377
258
101
366
661
840
546
210
860
895
153
92
276
87
348
977
634
17
808
618
741
886
516
633
973
544
308
544
27
429
618
239
426
273
752
838
949
251
172
252
670
985
259
947
318
819
128
414
474
697
469
536
320
793
461
819
144
127
350
91
821
272
935
531
193
897
137
6
241
263
366
582
601
762
703
643
377
66
245
705
702
444
975
312
878
131
109
774
216
853
167
161
536
642
244
797
864
483
592
799
193
225
542
744
790
366
455
632
344
59
619
853
468
346
719
474
648
316
966
720
492
366
839
963
95
418
788
744
112
947
172
226
592
94
578
280
958
683
820
929
641
48
183
457
1000
311
107
602
477
802
437
718
892
78
66
69
74
122
170
442
347
991
305
906
583
277
157
308
475
512
34
762
89
41
531
453
116
565
393
18
691
741
885
515
962
220
621
877
526
282
515
272
789
915
779
541
928
198
866
607
410
744
191
507
102
783
208
837
382
870
514
639
927
829
8
260
683
957
864
818
566
50
300
883
629
144
933
228
303
450
402
615
310
413
515
841
160
993
372
236
398
118
545
203
688
796
395
483
806
97
100
380
874
770
604
508
795
748
517
912
821
763
519
729
877
790
328
276
406
365
498
391
359
950
650
596
508
767
667
574
352
22
508
580
274
536
434
224
855
15
376
766
918
535
665
10
329
252
77
897
196
52
706
91
246
548
287
720
216
794
151
147
972
203
49
171
981
765
44
287
874
270
961
52
406
228
690
366
198
104
438
348
371
223
364
278
624
656
265
768
271
813
422
456
513
478
11
677
871
269
282
475
50
481
415
884
713
829
954
935
890
115
394
824
555
267
377
849
725
211
896
53
588
489
488
884
393
136
27
145
139
586
626
747
737
592
313
694
303
888
681
258
230
198
205
729
986
3
677
969
893
296
74
134
870
531
857
863
382
275
390
413
955
857
475
956
150
483
76
399
524
668
523
977
247
387
883
571
720
83
340
295
622
697
98
972
628
644
460
209
304
175
12
18
424
651
56
117
485
736
121
725
899
390
576
944
394
312
761
678
255
319
235
680
551
438
525
630
117
863
609
233
711
954
132
884
662
800
984
957
404
443
742
127
8
293
369
974
292
100
533
455
642
439
601
790
103
185
66
999
844
657
873
624
557
323
803
660
187
243
32
922
221
326
671
979
500
337
437
681
874
510
848
566
246
835
750
240
890
859
75
315
233
732
685
184
277
792
954
770
617
349
816
908
650
597
267
909
484
418
644
253
106
714
581
302
764
442
475
870
329
402
656
84
175
359
513
734
306
717
629
453
549
65
731
969
760
157
9
921
645
952
375
495
755
178
552
331
289
568
862
781
961
462
426
284
610
692
964
405
346
35
743
81
165
294
41
509
883
815
462
142
270
516
673
119
479
415
919
424
551
405
259
352
118
434
191
541
607
649
498
158
488
692
135
904
150
762
394
553
102
344
164
53
841
235
731
189
980
517
524
356
179
343
652
203
796
502
977
21
210
639
489
658
111
300
711
430
800
201
8
875
375
132
677
211
121
199
354
181
134
760
551
224
671
652
842
788
312
502
768
173
220
760
783
353
803
646
732
258
171
742
457
619
61
151
297
211
790
876
695
15
782
194
255
241
88
756
890
281
679
677
780
460
239
999
737
627
58
84
178
589
544
770
996
529
730
296
92
708
237
518
725
29
778
183
26
929
850
818
683
908
434
594
284
832
41
745
18
306
829
476
782
419
58
48
610
324
406
511
944
59
594
238
942
729
900
188
91
226
340
401
370
584
584
731
572
897
758
525
103
904
380
683
418
285
407
736
457
420
38
820
496
188
306
549
879
940
40
834
175
364
456
736
888
161
381
79
409
625
334
465
811
907
502
457
276
746
622
762
35
934
892
839
458
151
894
618
42
441
835
483
974
365
362
346
538
583
978
267
889
665
332
967
697
908
926
479
680
860
288
998
873
623
239
423
982
716
699
776
927
46
258
367
917
36
427
491
139
807
12
937
790
824
888
852
633
25
582
882
441
829
378
406
791
893
966
684
442
85
312
96
205
823
682
432
985
393
740
773
482
744
252
260
254
455
334
94
347
341
372
703
472
327
48
77
204
829
220
610
296
388
421
838
581
441
867
459
83
666
73
760
398
402
56
369
431
199
795
457
669
128
342
660
637
519
811
17
170
589
842
910
797
342
837
441
965
127
934
809
349
117
828
663
509
817
442
278
673
584
566
270
783
964
982
371
939
550
489
460
997
874
787
413
74
2
772
962
930
558
453
667
796
356
503
943
954
57
72
333
36
460
606
90
976
253
430
432
111
760
737
346
484
375
905
318
200
354
930
35
855
193
144
484
957
199
796
4
806
364
469
994
669
420
870
591
693
240
92
751
747
932
995
157
820
439
355
788
292
589
288
158
767
309
411
638
391
474
312
937
351
970
300
789
405
305
211
63
152
319
860
743
908
685
508
564
879
11
110
194
97
879
872
123
936
263
622
948
659
620
837
776
269
477
916
239
378
203
396
219
274
179
286
219
190
182
756
576
294
49
492
757
775
579
96
733
15
598
756
152
299
770
589
859
82
984
767
723
786
437
258
820
862
147
685
945
987
112
227
401
569
510
695
931
66
873
976
271
469
500
145
878
736
727
473
219
5
709
907
941
863
692
282
218
879
298
937
158
959
973
53
170
770
773
646
653
400
500
753
37
429
797
106
590
88
515
251
955
724
547
437
478
359
499
950
412
235
636
584
971
354
423
998
671
697
350
983
54
256
647
571
457
832
284
755
1
449
883
991
92
153
492
10
40
520
446
262
949
393
421
504
955
196
655
753
218
429
984
996
735
15
813
913
130
786
218
673
954
758
742
772
716
638
228
592
431
530
189
606
224
66
693
181
854
309
332
920
920
867
90
402
615
114
814
677
958
477
87
6
776
809
836
870
507
315
648
375
434
198
673
786
455
304
629
19
831
168
554
962
239
56
390
427
105
848
530
90
397
485
619
971
815
753
452
751
685
513
743
911
794
846
765
412
559
42
752
869
738
339
703
116
436
336
40
68
218
709
464
534
725
75
579
251
860
120
712
486
838
375
680
939
669
922
695
371
748
567
183
66
277
913
26
276
770
923
526
89
926
479
956
437
44
964
15
209
879
155
355
137
950
306
122
298
363
337
657
884
982
127
358
808
244
724
919
360
921
431
317
266
734
687
107
802
701
908
682
638
340
260
337
251
726
499
704
287
889
997
679
180
337
342
861
636
632
749
40
858
101
804
851
249
286
190
77
557
807
364
391
760
153
71
988
551
79
291
576
408
734
241
883
480
98
872
974
692
920
876
185
948
229
328
687
269
210
678
468
680
709
401
952
368
461
454
568
613
766
327
846
506
382
693
122
315
604
418
324
794
988
397
711
3
175
14
974
150
282
74
979
716
599
157
571
108
907
298
490
859
881
988
789
395
549
180
656
192
865
634
28
168
766
706
427
623
468
500
52
643
673
184
354
801
371
193
13
822
558
735
433
473
669
260
514
107
33
597
522
949
635
84
478
557
623
484
600
769
981
678
790
745
706
124
364
696
136
428
199
677
861
126
133
553
286
454
340
805
139
872
51
275
601
212
526
187
49
645
40
261
139
33
535
585
39
620
751
627
835
49
81
710
149
696
748
298
807
390
130
932
772
910
351
253
710
881
110
238
905
254
127
728
62
461
308
993
325
374
194
71
261
435
352
333
342
267
848
37
937
956
893
512
80
626
195
484
765
791
216
288
904
866
925
144
219
131
929
50
587
818
170
684
929
909
926
139
729
740
34
454
65
815
44
675
9
14
693
912
877
210
666
57
861
360
517
938
547
384
472
863
198
910
594
835
222
401
209
821
70
149
201
733
64
838
825
29
837
213
150
109
701
971
109
871
485
392
799
154
490
476
814
959
395
577
674
438
189
135
180
615
164
26
838
98
846
453
819
82
485
731
947
849
807
852
275
348
337
886
330
45
285
963
775
208
384
440
819
719
21
654
433
520
443
719
635
283
6
973
562
847
416
792
570
607
153
402
381
673
535
669
438
849
848
576
511
839
89
960
162
495
47
477
301
564
837
235
304
762
818
507
800
176
359
150
532
243
490
618
823
49
773
99
847
257
335
764
891
123
66
761
424
632
895
717
541
422
235
671
656
17
857
699
780
49
83
855
5
234
208
551
698
451
854
599
169
896
779
848
25
33
176
756
348
754
128
84
495
576
568
119
345
454
786
354
141
246
654
297
554
744
18
150
906
777
914
571
648
333
183
396
314
421
877
4
274
182
765
157
299
102
385
588
239
257
733
411
192
608
782
523
27
29
7
405
998
381
425
275
148
814
964
213
451
66
770
314
203
825
446
596
981
925
379
156
158
195
255
928
405
113
993
189
49
550
376
604
715
289
878
554
509
709
518
806
864
822
680
434
425
103
387
589
200
868
788
982
223
31
427
293
204
808
159
142
593
226
542
599
174
475
925
677
494
258
238
77
221
893
334
241
197
73
62
60
696
54
462
505
951
471
29
707
662
167
716
740
806
124
407
84
727
232
203
151
554
807
159
367
671
479
981
658
648
417
230
485
96
538
912
657
19
94
541
773
248
821
819
724
727
75
829
223
997
912
687
601
123
913
388
533
830
497
248
987
435
805
212
835
108
559
76
677
734
564
464
681
478
513
920
470
860
188
745
493
605
428
349
426
869
185
588
489
517
699
515
950
187
13
641
36
194
627
721
972
101
89
777
224
936
106
516
687
473
875
166
22
579
824
327
908
188
606
519
469
857
697
457
759
737
608
741
873
224
305
805
134
550
761
526
988
679
692
653
759
892
604
197
863
656
917
330
318
215
843
623
275
213
718
914
770
341
2
815
52
291
369
894
22
317
506
310
762
299
514
163
115
339
652
124
965
80
823
566
107
311
572
65
192
541
945
740
884
479
614
451
778
203
511
174
22
812
522
762
49
83
584
785
239
102
493
272
558
308
433
720
730
494
366
829
137
30
672
446
326
590
355
482
703
324
8
48
47
966
979
245
412
49
452
100
600
489
134
277
407
602
356
389
620
837
455
191
132
351
807
100
987
514
248
939
203
783
458
132
235
122
572
609
364
372
849
242
467
906
687
662
760
708
358
895
810
852
309
693
569
844
6
856
47
329
88
278
40
656
789
11
359
872
106
822
592
39
166
730
404
895
534
440
286
627
154
743
780
263
545
308
820
438
149
105
266
925
116
372
588
363
572
745
538
346
352
902
365
414
911
159
797
498
373
742
218
647
412
127
983
8
179
437
168
766
86
951
316
765
100
596
651
681
165
511
407
950
910
626
702
681
832
965
27
694
652
314
11
262
135
85
656
789
153
116
929
156
498
540
811
367
438
105
862
538
873
954
590
200
482
500
920
94
482
342
898
952
728
731
496
881
279
135
410
952
991
269
718
308
827
964
801
328
331
357
659
698
527
756
756
249
919
758
510
59
336
784
510
891
146
410
734
16
332
363
816
583
881
341
684
283
418
860
617
591
541
114
985
847
628
373
180
454
181
361
906
719
405
581
977
786
325
255
223
837
987
1
918
900
73
858
101
611
250
784
152
938
465
577
805
567
360
22
521
316
348
128
328
976
180
630
246
586
419
919
124
379
455
982
694
793
139
921
823
697
562
499
828
998
382
848
535
954
945
371
303
217
302
521
42
835
919
735
753
127
93
623
873
695
60
889
652
146
775
432
806
548
850
587
464
470
699
401
12
704
631
358
760
917
245
692
428
956
240
333
440
991
398
402
479
2
870
351
721
893
343
135
414
190
777
528
268
275
993
901
65
70
988
611
167
549
342
546
229
95
323
383
482
616
739
738
622
923
544
263
178
862
892
304
211
665
552
674
914
977
960
825
937
461
169
888
82
378
375
516
709
428
994
329
291
214
896
592
197